Webots Project File version R2022a
perspectives: 000000ff00000000fd00000003000000000000008700000334fc0100000001fb0000001e00480074006d006c0052006f0062006f007400570069006e0064006f00770000000000000000870000000000000000000000010000025100000295fc0200000001fb0000001400540065007800740045006400690074006f00720000000000000002950000004500ffffff00000003000005a00000009dfc0100000001fb0000001a0043006f006e0073006f006c00650041006c006c0041006c006c0100000000000005a00000008700ffffff000005a00000029500000001000000020000000100000008fc00000000
simulationViewPerspectives: 000000ff000000010000000200000166000004380100000002010000000100
sceneTreePerspectives: 000000ff00000001000000020000015e000000fa0100000002010000000200
maximizedDockId: -1
centralWidgetVisible: 1
orthographicViewHeight: 1
textFiles: -1
consoles: Console:All:All
renderingDevicePerspectives: e-puck:camera;1;1;0;0
renderingDevicePerspectives: e-puck:rangefinder;1;1.00781;0.113224;0
